[[1.78932443e+00 1.78878807e+00 1.63957095e+00 1.52220285e+00
  1.42906549e+00 1.35356322e+00 1.28449106e+00 1.22883430e+00
  1.17496450e+00 1.09033142e+00 1.05022366e+00 1.01861968e+00
  9.55589905e-01 9.03903490e-01 8.59086007e-01 8.01955469e-01
  7.69261651e-01 7.26654100e-01 6.82214339e-01 6.40574428e-01
  6.08300143e-01 5.75120692e-01 5.48152687e-01 5.25137653e-01
  4.98323812e-01 4.80854117e-01 4.60366478e-01 4.46484117e-01
  4.39353031e-01]
 [1.78986095e+00 1.61801679e+00 1.49716101e+00 1.39924841e+00
  1.32006389e+00 1.25502385e+00 1.19473621e+00 1.14584393e+00
  1.09804510e+00 1.02248220e+00 9.86312015e-01 9.57829657e-01
  9.00531741e-01 8.53348975e-01 8.12262008e-01 7.59668544e-01
  7.29468735e-01 6.90008348e-01 6.48839674e-01 6.09972712e-01
  5.79873309e-01 5.48889616e-01 5.23683721e-01 5.02308500e-01
  4.77088007e-01 4.60932761e-01 4.41623284e-01 4.28677686e-01
  4.22274979e-01]
 [1.63162163e+00 1.48964602e+00 1.38692230e+00 1.30207629e+00
  1.23258430e+00 1.17499542e+00 1.12110484e+00 1.07721394e+00
  1.03397674e+00 9.65336322e-01 9.32221800e-01 9.06176076e-01
  8.53408646e-01 8.09827608e-01 7.71754712e-01 7.22865681e-01
  6.94720851e-01 6.57873149e-01 6.19442371e-01 5.82918869e-01
  5.54669444e-01 5.25565600e-01 5.01877380e-01 4.81921044e-01
  4.58088171e-01 4.43081439e-01 4.24807016e-01 4.12686484e-01
  4.06926223e-01]
 [1.50730806e+00 1.38566225e+00 1.29589932e+00 1.22070509e+00
  1.15854341e+00 1.10669140e+00 1.05780328e+00 1.01786932e+00
  9.78282153e-01 9.15248882e-01 8.84639213e-01 8.60601568e-01
  8.11601120e-01 7.71042861e-01 7.35519700e-01 6.89790233e-01
  6.63410700e-01 6.28820664e-01 5.92771572e-01 5.58301181e-01
  5.31681198e-01 5.04241466e-01 4.81902977e-01 4.63213265e-01
  4.40624442e-01 4.26650304e-01 4.09309475e-01 3.97934410e-01
  3.92755089e-01]
 [1.40461104e+00 1.29790059e+00 1.21800184e+00 1.15033428e+00
  1.09399252e+00 1.04675883e+00 1.00194640e+00 9.65266624e-01
  9.28707765e-01 8.70373111e-01 8.41882428e-01 8.19551336e-01
  7.73774902e-01 7.35823791e-01 7.02514233e-01 6.59546542e-01
  6.34719256e-01 6.02124204e-01 5.68191558e-01 5.35556227e-01
  5.10399216e-01 4.84459814e-01 4.63342836e-01 4.45802985e-01
  4.24347219e-01 4.11315676e-01 3.94828935e-01 3.84136587e-01
  3.79489444e-01]
 [1.31700410e+00 1.22182501e+00 1.14975192e+00 1.08817067e+00
  1.03660310e+00 9.93200629e-01 9.51802283e-01 9.17869700e-01
  8.83885824e-01 8.29579973e-01 8.02920556e-01 7.82070166e-01
  7.39107579e-01 7.03446984e-01 6.72093090e-01 6.31579621e-01
  6.08138772e-01 5.77333152e-01 5.45308140e-01 5.14334966e-01
  4.90508251e-01 4.65937951e-01 4.45939205e-01 4.29454737e-01
  4.09041621e-01 3.96879019e-01 3.81180821e-01 3.71119159e-01
  3.66963547e-01]
 [1.24057361e+00 1.15461771e+00 1.08894153e+00 1.03241326e+00
  9.84856604e-01 9.44703073e-01 9.06223568e-01 8.74655196e-01
  8.42900846e-01 7.92108432e-01 7.67056782e-01 7.47510909e-01
  7.07039905e-01 6.73419169e-01 6.43815423e-01 6.05509475e-01
  5.83321269e-01 5.54138397e-01 5.23850727e-01 4.94397809e-01
  4.71791961e-01 4.48481996e-01 4.29515458e-01 4.14007326e-01
  3.94560782e-01 3.83204844e-01 3.68239418e-01 3.58763937e-01
  3.55064917e-01]
 [1.17277571e+00 1.09439528e+00 1.03406831e+00 9.81820646e-01
  9.37696036e-01 9.00344791e-01 8.64400419e-01 8.34897195e-01
  8.05100578e-01 7.57412685e-01 7.33789998e-01 7.15407139e-01
  6.77167280e-01 6.45382464e-01 6.17360677e-01 5.81059129e-01
  5.60012810e-01 5.32314076e-01 5.03621389e-01 4.75569408e-01
  4.54091991e-01 4.31950052e-01 4.13942373e-01 3.99342891e-01
  3.80797430e-01 3.70194295e-01 3.55913142e-01 3.46984948e-01
  3.43711850e-01]
 [1.11185879e+00 1.03983096e+00 9.84058051e-01 9.35495263e-01
  8.94350650e-01 8.59449457e-01 8.25734997e-01 7.98057385e-01
  7.69999381e-01 7.25083854e-01 7.02743833e-01 6.85407795e-01
  6.49184049e-01 6.19065733e-01 5.92485452e-01 5.58017733e-01
  5.38019831e-01 5.11687769e-01 4.84468824e-01 4.57715620e-01
  4.37287138e-01 4.16233488e-01 3.99121032e-01 3.85371233e-01
  3.67669522e-01 3.57771831e-01 3.44132084e-01 3.35716649e-01
  3.32842137e-01]
 [1.00595106e+00 9.44023307e-01 8.95624105e-01 8.53108854e-01
  8.16907310e-01 7.86105243e-01 7.56149900e-01 7.31569330e-01
  7.06477908e-01 6.66326391e-01 6.46205002e-01 6.30686103e-01
  5.97979655e-01 5.70785743e-01 5.46747645e-01 5.15530963e-01
  4.97400253e-01 4.73511486e-01 4.48938869e-01 4.24527833e-01
  4.05997406e-01 3.86918835e-01 3.71435131e-01 3.59234104e-01
  3.43072609e-01 3.34463463e-01 3.21995133e-01 3.14515005e-01
  3.12365930e-01]
 [9.59305581e-01 9.01473697e-01 8.56112871e-01 8.16119431e-01
  7.81998716e-01 7.52935499e-01 7.24585575e-01 7.01335188e-01
  6.77524553e-01 6.39443010e-01 6.20291336e-01 6.05569237e-01
  5.74412100e-01 5.48513180e-01 5.25605899e-01 4.95842217e-01
  4.78549487e-01 4.55761028e-01 4.32384869e-01 4.09036811e-01
  3.91370386e-01 3.73193164e-01 3.58454309e-01 3.46962590e-01
  3.31507197e-01 3.23488871e-01 3.11557311e-01 3.04505016e-01
  3.02686867e-01]
 [9.16065377e-01 8.61851235e-01 8.19197881e-01 7.81466616e-01
  7.49222467e-01 7.21734241e-01 6.94844050e-01 6.72807076e-01
  6.50168280e-01 6.13987630e-01 5.95729508e-01 5.81743012e-01
  5.52019958e-01 5.27323426e-01 5.05468860e-01 4.77061571e-01
  4.60552997e-01 4.38796237e-01 4.16544503e-01 3.94197606e-01
  3.77346317e-01 3.60020655e-01 3.45986281e-01 3.35165905e-01
  3.20379070e-01 3.12920053e-01 3.01496263e-01 2.94848099e-01
  2.93341890e-01]
 [8.38094685e-01 7.89995624e-01 7.51970613e-01 7.18139795e-01
  6.89153660e-01 6.64415422e-01 6.40086818e-01 6.20188298e-01
  5.99622803e-01 5.66821791e-01 5.50159524e-01 5.37490082e-01
  5.10343649e-01 4.87816342e-01 4.67867626e-01 4.41925015e-01
  4.26845890e-01 4.06974807e-01 3.86784414e-01 3.66278081e-01
  3.50928599e-01 3.35174566e-01 3.22442041e-01 3.12863159e-01
  2.99312889e-01 2.92887705e-01 2.82401084e-01 2.76496895e-01
  2.75562931e-01]
 [7.69358397e-01 7.26246285e-01 6.92045253e-01 6.61469324e-01
  6.35224018e-01 6.12814672e-01 5.90668266e-01 5.72600692e-01
  5.53818590e-01 5.23941498e-01 5.08667292e-01 4.97146831e-01
  4.72257517e-01 4.51639731e-01 4.33375647e-01 4.09621103e-01
  3.95815783e-01 3.77630245e-01 3.59288817e-01 3.40438701e-01
  3.26443805e-01 3.12109871e-01 3.00555070e-01 2.92099796e-01
  2.79668279e-01 2.74177055e-01 2.64534825e-01 2.59298208e-01
  2.58874973e-01]
 [7.08007860e-01 6.69054219e-01 6.38076760e-01 6.10267789e-01
  5.86368430e-01 5.65963759e-01 5.45705249e-01 5.29228554e-01
  5.12002166e-01 4.84688437e-01 4.70636726e-01 4.60130803e-01
  4.37241604e-01 4.18323021e-01 4.01563347e-01 3.79770043e-01
  3.67110122e-01 3.50444133e-01 3.33774343e-01 3.16425411e-01
  3.03660491e-01 2.90617569e-01 2.80134060e-01 2.72700695e-01
  2.61285635e-01 2.56641141e-01 2.47761843e-01 2.43125466e-01
  2.43158640e-01]
 [6.27017796e-01 5.93170100e-01 5.66195015e-01 5.41851375e-01
  5.20911019e-01 5.03049875e-01 4.85199383e-01 4.70761093e-01
  4.55536365e-01 4.31538133e-01 4.19075270e-01 4.09891499e-01
  3.89618612e-01 3.72932513e-01 3.58156717e-01 3.38959626e-01
  3.27820868e-01 3.13178156e-01 2.98740315e-01 2.83400414e-01
  2.72283954e-01 2.60972551e-01 2.51925760e-01 2.45861533e-01
  2.35805365e-01 2.32288745e-01 2.24420394e-01 2.20573744e-01
  2.21202222e-01]
 [5.79028518e-01 5.48019034e-01 5.23290209e-01 5.00906077e-01
  4.81649286e-01 4.65242787e-01 4.48775787e-01 4.35513286e-01
  4.21447352e-01 3.99377323e-01 3.87842378e-01 3.79432594e-01
  3.60696246e-01 3.45326231e-01 3.31723648e-01 3.14066828e-01
  3.03832955e-01 2.90396300e-01 2.77291704e-01 2.63153804e-01
  2.53024366e-01 2.42749713e-01 2.34562434e-01 2.29315834e-01
  2.20068672e-01 2.17220406e-01 2.09947326e-01 2.06561824e-01
  2.07534478e-01]
 [5.14372838e-01 4.86989813e-01 4.65153683e-01 4.45308563e-01
  4.28244375e-01 4.13740421e-01 3.99089797e-01 3.87376066e-01
  3.74841105e-01 3.55328246e-01 3.45028158e-01 3.37650383e-01
  3.20968203e-01 3.07363016e-01 2.95337621e-01 2.79756606e-01
  2.70744681e-01 2.58939052e-01 2.47639909e-01 2.35130982e-01
  2.26339156e-01 2.17468394e-01 2.10443046e-01 2.06298873e-01
  1.98138117e-01 1.96182304e-01 1.89698202e-01 1.86918151e-01
  1.88337708e-01]
 [4.39350595e-01 4.15924715e-01 3.97274045e-01 3.80245131e-01
  3.65627484e-01 3.53257041e-01 3.40652384e-01 3.30689913e-01
  3.19892148e-01 3.03293694e-01 2.94406573e-01 2.88212276e-01
  2.73892741e-01 2.62324277e-01 2.52123959e-01 2.38951150e-01
  2.31359563e-01 2.21452071e-01 2.12255744e-01 2.01643844e-01
  1.94407899e-01 1.87166297e-01 1.81484377e-01 1.78608443e-01
  1.71688474e-01 1.70742107e-01 1.65139477e-01 1.63025564e-01
  1.64928232e-01]
 [3.74610502e-01 3.54416957e-01 3.38390487e-01 3.23697198e-01
  3.11119898e-01 3.00537008e-01 2.89653614e-01 2.81169687e-01
  2.71843268e-01 2.57723014e-01 2.50041602e-01 2.44859134e-01
  2.32564636e-01 2.22746654e-01 2.14118116e-01 2.03022828e-01
  1.96657773e-01 1.88389865e-01 1.81008895e-01 1.72031683e-01
  1.66132417e-01 1.60284208e-01 1.55744238e-01 1.53937964e-01
  1.48053351e-01 1.47937755e-01 1.43048264e-01 1.41462154e-01
  1.43738663e-01]
 [3.18224985e-01 3.00737388e-01 2.86922624e-01 2.74208303e-01
  2.63367377e-01 2.54311252e-01 2.44902684e-01 2.37689050e-01
  2.29629765e-01 2.17649967e-01 2.11012532e-01 2.06707313e-01
  1.96171310e-01 1.87875801e-01 1.80615589e-01 1.71329611e-01
  1.66032431e-01 1.59190637e-01 1.53385137e-01 1.45821268e-01
  1.41071994e-01 1.36414748e-01 1.32842607e-01 1.31933687e-01
  1.26905949e-01 1.27466320e-01 1.23145210e-01 1.21969469e-01
  1.24528695e-01]
 [2.57427761e-01 2.42778378e-01 2.31296998e-01 2.20680057e-01
  2.11686247e-01 2.04259174e-01 1.96428307e-01 1.90576489e-01
  1.83878103e-01 1.74201938e-01 1.68689885e-01 1.65331022e-01
  1.56693409e-01 1.50042084e-01 1.44259133e-01 1.36924157e-01
  1.32776207e-01 1.27465041e-01 1.23342550e-01 1.17278295e-01
  1.13739352e-01 1.10322910e-01 1.07746494e-01 1.07747308e-01
  1.03571852e-01 1.04789015e-01 1.01004926e-01 1.00204310e-01
  1.03012708e-01]
 [2.05624446e-01 1.93364177e-01 1.83856385e-01 1.75019900e-01
  1.67598622e-01 1.61561545e-01 1.55079274e-01 1.50393126e-01
  1.44860825e-01 1.37160355e-01 1.32613853e-01 1.30066894e-01
  1.23057075e-01 1.17813593e-01 1.13292885e-01 1.07619043e-01
  1.04445234e-01 1.00424745e-01 9.77096950e-02 9.28855688e-02
  9.03348616e-02 8.79160888e-02 8.61255524e-02 8.68292881e-02
  8.32947819e-02 8.49899991e-02 8.15819748e-02 8.10324646e-02
  8.39996138e-02]
 [1.61443138e-01 1.51235347e-01 1.43428298e-01 1.36129486e-01
  1.30068434e-01 1.25234928e-01 1.19921087e-01 1.16245135e-01
  1.11723285e-01 1.05733620e-01 1.02022136e-01 1.00176521e-01
  9.45697593e-02 9.05353222e-02 8.70939069e-02 8.28314285e-02
  8.04792232e-02 7.75385093e-02 7.59865039e-02 7.21709349e-02
  7.04098825e-02 6.87719350e-02 6.75815147e-02 6.88073843e-02
  6.57327194e-02 6.77570121e-02 6.45956097e-02 6.42018093e-02
  6.72615991e-02]
 [1.10535320e-01 1.02776836e-01 9.70021661e-02 9.15418969e-02
  8.71071325e-02 8.37117835e-02 7.97925648e-02 7.73205939e-02
  7.40006908e-02 7.00389501e-02 6.73129850e-02 6.62924918e-02
  6.23274691e-02 5.96961305e-02 5.74958669e-02 5.48362008e-02
  5.34041581e-02 5.16550092e-02 5.13588369e-02 4.86028338e-02
  4.76472407e-02 4.67791495e-02 4.61574522e-02 4.78570257e-02
  4.51776047e-02 4.74674461e-02 4.44910061e-02 4.42046931e-02
  4.73230333e-02]
 [6.58028296e-02 6.03905748e-02 5.65584138e-02 5.28500988e-02
  4.99593278e-02 4.79235562e-02 4.53161250e-02 4.39704276e-02
  4.17679149e-02 3.96725933e-02 3.78432986e-02 3.75675707e-02
  3.50652365e-02 3.36604320e-02 3.25234231e-02 3.12005030e-02
  3.05139037e-02 2.97015338e-02 3.03509565e-02 2.83513730e-02
  2.79394025e-02 2.75590271e-02 2.72723487e-02 2.92298668e-02
  2.67458273e-02 2.91532369e-02 2.62487888e-02 2.59987877e-02
  2.91342371e-02]
 [3.03581739e-02 2.71448373e-02 2.51136525e-02 2.30109304e-02
  2.15176597e-02 2.06964129e-02 1.92439365e-02 1.88749931e-02
  1.76257337e-02 1.70826183e-02 1.59782425e-02 1.62932450e-02
  1.49164218e-02 1.44154749e-02 1.40277236e-02 1.35941056e-02
  1.33739969e-02 1.31130121e-02 1.42731696e-02 1.26417775e-02
  1.24676857e-02 1.22771340e-02 1.21047017e-02 1.41388444e-02
  1.17036373e-02 1.41355983e-02 1.12430227e-02 1.09978237e-02
  1.41352303e-02]
 [7.43525867e-03 6.17573695e-03 5.68584560e-03 4.90402583e-03
  4.51357422e-03 4.61044532e-03 3.99152804e-03 4.29504525e-03
  3.66996143e-03 4.06996410e-03 3.37153154e-03 4.00037628e-03
  3.17467082e-03 3.06930039e-03 2.97480999e-03 2.84475191e-03
  2.76281455e-03 2.64452833e-03 3.91498870e-03 2.34741445e-03
  2.20676726e-03 2.03749022e-03 1.87500541e-03 3.91457133e-03
  1.48147268e-03 3.91457098e-03 1.02199293e-03 7.76874899e-04
  3.91457098e-03]
 [0.00000000e+00 0.00000000e+00 0.00000000e+00 0.00000000e+00
  0.00000000e+00 0.00000000e+00 0.00000000e+00 0.00000000e+00
  0.00000000e+00 0.00000000e+00 0.00000000e+00 0.00000000e+00
  0.00000000e+00 0.00000000e+00 0.00000000e+00 0.00000000e+00
  0.00000000e+00 0.00000000e+00 0.00000000e+00 0.00000000e+00
  0.00000000e+00 0.00000000e+00 0.00000000e+00 0.00000000e+00
  0.00000000e+00 0.00000000e+00 0.00000000e+00 0.00000000e+00
  0.00000000e+00]]